每幅图像的标定误差：
第1幅图像的平均误差：0.0258563像素
第2幅图像的平均误差：0.023306像素
第3幅图像的平均误差：0.0283909像素
第4幅图像的平均误差：0.0266684像素
第5幅图像的平均误差：0.0286252像素
第6幅图像的平均误差：0.0241266像素
第7幅图像的平均误差：0.0272634像素
第8幅图像的平均误差：0.0346018像素
第9幅图像的平均误差：0.0270516像素
第10幅图像的平均误差：0.0223017像素
第11幅图像的平均误差：0.0275872像素
第12幅图像的平均误差：0.0261583像素
第13幅图像的平均误差：0.0233271像素
总体平均误差：0.0265588像素

相机内参数矩阵：
[532.7953656269709, 0, 342.4582516019931;
 0, 532.919283385858, 233.9006051421813;
 0, 0, 1]

畸变系数：
[-0.2810862583903694, 0.02725810233034612, 0.001216659082904719, -0.0001342042773482139, 0.1585140213918035]


第1幅图像的旋转向量：
[-30.14912189716159;
 -43.07123578985259;
 158.9802109568831]
第1幅图像的旋转矩阵：
[-0.5354984360195341, 0.8421810608556276, -0.06302765866445187;
 -0.6951889046080991, -0.4819474372354408, -0.5333282803789633;
 -0.4795349955221456, -0.241780331040969, 0.843557028061112]
第1幅图像的平移向量：
[-1.986346303311001;
 -2.012789349119709;
 0.1089158316967505]

第2幅图像的旋转向量：
[-23.39213133343539;
 33.32126394985761;
 140.9377862007458]
第2幅图像的旋转矩阵：
[-0.5377964559164398, -0.8411889436656397, -0.05635719171855505;
 0.7268896125157369, -0.4965088793202133, 0.4744580318351747;
 -0.4270906967149233, 0.2141963907512707, 0.8784722209430927]
第2幅图像的平移向量：
[-2.425877082046187;
 -0.2061910921850274;
 0.1976243595604666]

第3幅图像的旋转向量：
[-15.97733846340339;
 -39.76861500701903;
 126.6140730847916]
第3幅图像的旋转矩阵：
[-0.1362632695419049, -0.8951016581818427, -0.4245295547943225;
 0.9770855933151712, -0.0507004759254487, -0.2067201128987525;
 0.1635116653627201, -0.4429700703896918, 0.8814995473789315]
第3幅图像的平移向量：
[1.729501965462772;
 2.494141306863136;
 -0.5029672853360814]

第4幅图像的旋转向量：
[-39.42353546762067;
 -26.51665395449502;
 131.5750228766832]
第4幅图像的旋转矩阵：
[-0.002920727834704123, -0.8785902123194881, -0.4775674906914333;
 0.9949850565586306, -0.05030137315584859, 0.0864552432398096;
 -0.0999810310705693, -0.4749200045007925, 0.8743310487172651]
第4幅图像的平移向量：
[-2.145688425784062;
 -2.140485443817636;
 0.3793190690736442]

第5幅图像的旋转向量：
[23.36509332405808;
 -45.72586389788377;
 126.3322016641964]
第5幅图像的旋转矩阵：
[-0.2481102089600915, 0.8138668332730645, 0.5254161226188759;
 -0.9616138797896907, -0.1412865748731271, -0.2352378582550835;
 -0.1172180464160629, -0.5636123503425863, 0.8176802847908881]
第5幅图像的平移向量：
[-0.3412341273930727;
 -2.948303838983389;
 0.7194678584767666]

第6幅图像的旋转向量：
[66.85829590146572;
 -25.78271126407727;
 133.6732367745153]
第6幅图像的旋转矩阵：
[0.7126192965703583, -0.701500271128543, 0.008432541855724035;
 0.6480414788421844, 0.653613825632114, -0.3909363230023364;
 0.2687303106380119, 0.2840534043963094, 0.9203790977609522]
第6幅图像的平移向量：
[0.1467199366760203;
 -2.690099965648378;
 -0.08540687951640115]

第7幅图像的旋转向量：
[7.769564195997591;
 -28.22850967902415;
 154.9189276502809]
第7幅图像的旋转矩阵：
[0.8359410265046844, -0.5413213968346662, -0.09040876912811195;
 0.5384192438229711, 0.8408137100804809, -0.05600913159295555;
 0.1063358739438128, -0.001857490151472414, 0.9943285330528048]
第7幅图像的平移向量：
[0.4456505266197154;
 -2.786062848445048;
 0.1482646387978961]

第8幅图像的旋转向量：
[31.56879407013818;
 -34.78098226944473;
 126.0203554124888]
第8幅图像的旋转矩阵：
[-0.7253236701464402, -0.6391137138759458, 0.2558109346001335;
 0.4174284462429917, -0.7038083681080698, -0.5748106412099706;
 0.5474112401042381, -0.3101410029595433, 0.7772731131917465]
第8幅图像的平移向量：
[0.3030949873906861;
 -2.840695812064093;
 0.5157831244899899]

第9幅图像的旋转向量：
[-26.56022188450494;
 -32.04684958469857;
 110.5802945128893]
第9幅图像的旋转矩阵：
[0.3712929835017493, 0.9212446226059491, 0.1159735561323884;
 -0.8404996404935091, 0.3865448859449824, -0.3796622255111278;
 -0.3945907686865617, 0.04349018819691436, 0.9178271780667346]
第9幅图像的平移向量：
[1.914057237570533;
 2.19277981264801;
 0.6546590771357526]

第10幅图像的旋转向量：
[18.72402071989729;
 -43.96939598508201;
 134.5665440651632]
第10幅图像的旋转矩阵：
[-0.1216302798426701, 0.8868142969335439, 0.4458323426801359;
 -0.9789652691858765, -0.03305264435352742, -0.2013318763362217;
 -0.1638080484995112, -0.4609424318236536, 0.8721805992976903]
第10幅图像的平移向量：
[0.2401779383658743;
 2.529051690288237;
 0.06478527793134367]

第11幅图像的旋转向量：
[20.25505230341129;
 -40.63911835577299;
 128.2791610107079]
第11幅图像的旋转矩阵：
[-0.5143941847185085, 0.7192543925224906, 0.4669815216524996;
 -0.8569430384477206, -0.4105799218266434, -0.3115650119137511;
 -0.03236126672071729, -0.5604437943540195, 0.8275599686948977]
第11幅图像的平移向量：
[-0.02971060402793124;
 -3.018990645569295;
 0.5761629740392734]

第12幅图像的旋转向量：
[13.45113203818992;
 -36.17842196791884;
 115.6725912379668]
第12幅图像的旋转矩阵：
[-0.814295776102328, -0.5796913629377189, 0.02967006500358754;
 0.4594777847789723, -0.6749791021768992, -0.577307004044707;
 0.3546865578458193, -0.456465919165798, 0.815987935158117]
第12幅图像的平移向量：
[-0.4417976666615662;
 -2.897339070606772;
 -0.7424725912541305]

第13幅图像的旋转向量：
[17.96416104159706;
 -42.87021719816119;
 124.3417015293384]
第13幅图像的旋转矩阵：
[0.7030877893843197, -0.6843922396515817, -0.1930668866568337;
 0.6579555634044173, 0.729093472724597, -0.1884600345313648;
 0.2697443919784922, 0.005474516880916061, 0.962916399622041]
第13幅图像的平移向量：
[0.2676030243781403;
 2.696545521212712;
 0.2663637356148797]


